1 Pcdbbb 1535 2442 699
2 Qbcdaa 1299 1306 2462
3 Badacd 2083 2477 839
4 Edbccb 916 2639 2267
5 Wcdcbb 640 1627 1867
6 Iacdcd 977 2849 2941
7 Oaadac 1981 517 1203
8 Xddada 2237 2917 1335
9 Oneway 1133 857 1247
10 Ucddcb 1237 1096 1650
11 Lbaccd 1119 2025 556
12 Idbbdc 1803 1667 1270
13 Cdacdd 1660 2325 1768
14 Gbcacd 1849 644 2690
15 Haabaa 918 1039 2795
16 Babdac 1216 941 1069
17 Iaadab 2806 1214 2411
18 Jaaccb 1590 2330 867
19 Gddbac 2068 2811 1441
20 Hbbcaa 1889 1969 2150
21 Nbbdac 2622 1997 716
22 Hcccbc 2171 1295 2201
23 Oneway 2062 2459 2555
24 Pacbcb 930 612 901
25 Saccaa 918 1266 2958
26 Kcbcbc 746 1658 1101
27 Uaddca 1333 764 1537
28 Mbbdaa 2167 2474 831
29 Qbdbdd 833 826 2719
30 Ddbbdb 1121 1417 2684
31 Yabdbd 2581 985 2264
32 Mdbaac 2061 1459 2077
33 Idadbb 966 2792 1087
34 Kdcbad 2653 2889 804
35 Zacdba 2075 580 1076
36 Ddbdca 2744 597 1634
37 Xbbcbc 2844 2239 853
38 Fcadcd 1813 2126 1700
39 Jdabab 652 742 1185
40 Jddadb 1814 606 2348
41 Haaadb 1404 2611 1823
42 Aadaab 2571 1827 1843
43 Adabab 2613 2400 1872
44 Mbaddb 2076 2173 1698
45 Pccaca 1537 2279 502
46 Ecbbaa 2099 684 1537
47 Hddcdd 2137 2350 1792
48 Ndabbb 2696 1800 2653
49 Ldaccd 1081 2384 2155
50 Iabaaa 2646 1561 2009
51 Vcacdb 1867 1939 2136
52 Hdaabc 1749 2461 2056
53 Yddddb 1287 1620 1576
54 Jbddac 2185 2353 933
55 Zccdda 2797 2211 1540
56 Mddadc 820 1237 573
57 Iaacdb 1248 1496 862
58 Rdabdc 1384 886 1258
59 Hadada 2958 1266 2152
60 Eaaacd 2731 1084 1414
61 Gccaca 856 2623 771
62 Eccadd 1598 2359 2884
63 Hdabbb 2456 2090 2903
64 Sbaccd 1445 2593 2967
65 Fcdbcb 1086 2320 811
66 Adcacd 984 2043 1715
67 Daabaa 1405 1248 784
68 Qbdbad 2359 1461 1085
69 Tdcaba 2279 2366 2864
70 Ddaddd 1069 2026 2184
71 Iddacd 2411 1199 1475
72 Tdabbc 913 2403 2607
73 Wabdaa 2200 1959 2784
74 Qbbcbb 1788 823 2283
75 Hbdadb 2366 2285 2830
76 Oaaaab 2332 1739 2442
77 Uccada 2315 790 2395
78 Gbabcb 1231 2097 1362
79 Bcbdcb 1453 568 2445
80 Ibacab 2379 2086 2679
81 Ycacda 1457 1279 2131
82 Pcbddb 1498 2998 1485
83 Iacddb 1873 1818 2205
84 Mddaba 2360 1636 847
85 Wcaacb 1149 2216 1266
86 Ccdcdd 2384 2221 766
87 Kdccad 1301 2080 1153
88 Vdcbda 2806 2194 1565
89 Fdbcba 1482 930 753
90 Kaadbb 2691 2986 2993
91 Daadda 1519 2883 1903
92 Cadabd 2982 1464 1687
93 Ydccbd 1460 1448 1044
94 Icdadd 1655 2217 2197
95 Hcabdb 2579 2658 1269
96 Sddbcb 2961 2017 1394
97 Fcbada 2604 1557 2634
98 Sbbbda 1546 2625 1341
99 Xaabbc 1660 932 2802
100 Iadbcc 1634 2225 1823
101 Hccbcd 731 1227 2158
102 Lbcdad 1759 2102 2229
103 Wcabab 2171 2490 924
104 Zabcda 931 1328 1930
105 Zcddbd 1983 1020 2711
106 Qddcdb 2204 2228 2272
107 Ycdcbb 643 1235 1096
108 Kbadca 762 2903 1295
109 Tbadab 504 549 672
110 Ldaddb 535 942 1990
111 Gacdca 721 2098 502
112 Kccbbc 1181 1469 2747
113 Wbbccb 2931 2761 2855
114 Ecdabc 2870 2568 1617
115 Hbacad 2803 2680 1380
116 Gbdcbd 1659 582 1179
117 Cbbcdd 2027 2777 2798
118 Rcbbba 1670 1886 1781
119 Acbabb 2068 1893 1623
120 Eccaac 2125 1671 1164
121 Eddccd 1490 560 531
122 Ncaadb 765 565 765
123 Yccdac 1299 1338 2984
124 Tbadbc 2876 2798 1436
125 Habcdc 698 662 1844
126 Xcdacb 2259 1737 1302
127 Acbbcb 2812 1313 2266
128 Qbdbba 558 1495 2113
129 Haacca 1048 1485 2353
130 Nddcad 748 2786 2494
131 Rdcdad 2388 1365 2579
132 Hbadcb 2099 1875 2255
133 Rbbbba 686 2315 2797
134 Ydacca 2540 1177 1946
135 Wcdbdd 1816 1473 2733
136 Qcacbb 2704 2997 2450
137 Pbcabd 662 655 2703
138 Sdadaa 1425 2453 2486
139 Fdbbbc 2048 1867 2840
140 Yaccbb 1084 2589 2437
141 Rbcdca 1790 2203 1054
142 Bcbabc 1766 769 1303
143 Xdccba 2090 1413 2754
144 Ndbdbd 2479 1775 1927
145 Sdbcda 2967 1851 2442
146 Abcdca 2538 536 559
147 Hddbaa 1589 532 1137
148 Macaab 2773 1265 575
149 Hbaabd 1082 2574 2723
150 Ecdaad 2968 2027 2973
151 Ocdccd 651 2058 1947
152 Gcdccc 2630 2103 1083
153 Pcbcad 602 1713 756
154 Kdcacc 837 1434 895
155 Bbdbbd 1253 1950 1950
156 Gdaadd 1054 1226 1199
157 Ybcbcb 2940 2636 861
158 Xdbdcc 1148 1807 2281
159 Abadca 1326 2010 1020
160 Qaacbc 2867 2477 1056
161 Tbccbb 1544 1730 1255
162 Fddbad 1583 1503 2873
163 Vccaaa 1817 2590 2692
164 Rddbca 1293 1713 2137
165 Jdadcb 1766 2435 1020
166 Nacbaa 905 1070 1528
167 Eacabc 2600 1736 2974
168 Lcddab 2118 738 1739
169 Obdadc 1122 2765 969
170 Ccadbc 1025 2885 913
171 Xcccdc 920 2502 2465
172 Bbbdad 2680 1419 1542
173 Ybcbca 2306 2060 2486
174 Rbbdbb 2970 1762 1143
175 Kbaddb 2235 1832 535
176 Cdbccc 588 1318 576
177 Gbddab 2134 1647 2960
178 Tabbac 2192 2796 1267
179 Wcbcbb 1431 1174 2315
180 Aaccac 2237 1679 2863
181 Mddbba 2222 1119 2654
182 Zbcdba 2924 1833 705
183 Naccdd 955 1650 2774
184 Acbccc 2688 1876 1700
185 Eabddb 1605 2194 2450
186 Tdacdc 581 2632 1245
187 Edaddd 2022 1245 2353
188 Nacdcc 874 902 2444
189 Kabcdb 1772 1467 2590
190 Ldbacd 2168 853 2023
191 Zbbbdd 2051 1516 1912
192 Dddbcb 1940 965 2146
193 Fbddcc 1263 1899 2573
194 Ebabaa 828 1910 2608
195 Nbbdbd 2247 2078 2436
196 Oacccb 2756 1893 606
197 Naccdd 939 565 1386
198 Fdbdba 1499 1955 640
199 Ladcbc 1197 2763 705
200 Pbaabc 2491 2470 1696
